
m1=0.54; m2=0.24; m3=0.2; m4=0.2; m5=0.3; m6=0.1; m7=0.1; m8=0.5; m9=0.2; m10=0.1; m11=1; m12=1; m13=0.32; m14=0.4; m15=0.7; 
m16=0.5; m17=0.5; m18=3.4; m19=0.9; m20=0.6; m21=0.08; m22=0.1; m23=0.1; m24=0.1; m25=0.9; m26=0.5; m27=0.1; m28=28; 
m29=0.3; m30=1; m31=0.1; m32=0.2; m33=13; m34=0.6; m35=0.3; m36=0.3; m37=0.4; m38=0.3; m39=0.2;

n1=2.6; n2=0.35; n3=0.29; n4=0.04; n5=0.4; n6=20; n7=0.1; n8=0.5; n9=0.6; n10=0.3; n11=0.6; n12=9; n13=2; 
n14=0.1; n15=2; n16=0.1; n17=0.5; n18=0.5; n19=0.2;

p1=0.13; p2=0.27; p3=0.1; p4=0.5; p5=1; p6=0.2; p7=0.3; p8=0.6; p9=0.8; p10=0.54; p11=0.5; p12=10; p13=0.1; p14=0.14; p15=2; p16=0.62; 
p17=17; p18=4; p19=1; p20=0.1; p21=1; p22=0.5; p23=0.37; p24=11; p25=2; p26=0.3; p27=0.8; p28=2; p29=0.1; p30=0.9; p31=0.1; p32=0.1;  p33=0.2;

g1=0.1; g2=0.01; g3=0.6; g4=0.005; g5=0.2; g6=0.3; g7=1; g8=0.04; g9=0.3; g10=0.5; g11=0.7; g12=0.1; g13=1; g14=0.02; g15=0.4; g16=0.3; 
g17=0.6; g18=0.4; g19=0.4; g20=0.03; g21=0.4; g22=0.1; g23=0.4; g24=0.3; g25=0.4; g26=0.3; g27=0.2; g28=0.1; g29=1;

a=2; b=2; c=2; d=2; e=2; f=2; g=2; h=2; i=2; j=2;
q1=1; q2=1.56; q3=3; 

A0=1; n16=0; m24=0.5; m23=0.5; g23=0.6; g25=0.5; g4=0.006; m6=0.2;

period=24;
dusk=12;
day_numb=3;

Loffset=0;
Lamplitude=1;

L=[];

t1=[0 2 4 6 8 10 12 14 16 18 20 22 24 26 28 30 32 34 36];
cLm6=[3.79 1.36 0.4 0.055 0.009275 0.004335 0.022135 0.025 0.155 1.4 4.81 5.49 4.735 1.17 0.395 0.065 0.005155 0.002805 0.0016465]/4.67;
cLm12=[4.67 1.9 0.69 0.1 0.01 0.0032 0.0025 0.001285 0.00579 0.065 0.715 2.785 4.285 1.48 0.665 0.135 0.009405 0.00225 0.00154]/4.67;
cLm18=[3.07 2.02 0.835 0.23 0.045 0.006315 0.00675 0.009195 0.03 0.115 0.09 0.595 2.5 2.44 0.93 0.285 0.045 0.00931 0.00487]/4.67;


t2=[0 4.0190 8.2687 12 16.26350935 20.299 23.773];
Cl_m=[1 0.1221 0.004 0.001 0.004 0.1386 1.0098]; % wt LD LHY Farre05
%Cl_m_79=[0.633634374 0.2475 0.2574 0.118983192 0.066 0.0726 0.227915116 0.633634374];

Cl_m_Kieron=[1 0.406852248 0.147751606 0.021413276 0.002141328 0.000685225 0.000535332 0.000275161 0.001239829 0.01391863 0.153104925 0.596359743 0.86509636]; % wt LD LHY Kieron
t3=[0 2 4 6 8 10 12 14 16 18 20 22 24];

%Cl_m_Megan=[0.330026161 0.287523197 0.170062831 0.098909046 0.046149859
%0.004802833 0.002650503 0.00887496 0.007361477 0.004616688 0.030730877 0.195102266 0.260808779];
%t3m=[0.25 1 2 4 7 9.75 11.75 12.33 13.5 15 18 21 23.75];

%Cl_p1=[0.474074074 0.518518519 1.185555498 0.681481481 0.342026559 0.266666667 0.297774092 0.237037037 0.15108206 0.133333333 0.15108206 0.312518861 0.62292729];
%t4=[0 1.41 3.76 5.64 8.46 11.28 12.22 13.16 15.06934637 17.86 20.68 23.97 24.44];
%Cl_p2=[0.62292729 0.814814815 0.711111111 0.342026559 0.079780219 0.122166093 0.044444444 0.103703704 0.755555556];
%t5=[0.44 1.85 4.67 8.9 11.72 12.20220573 13.6 16.42 24.88];

Cl_p_cca1=[0.31 0.72 1 0.74 0.54 0.336 0.18];
t55=[0 0.24 1.12 2.04 4.24 6 22];

%Ct_m_S=[0.096806814 0.123255233 0.430110785 0.99993022 0.75740988 0.57862019 0.478412376 0.378418307];
%t6=[1 4 7 10 13 16 19 22];

%Ct_m_M1=[0.212306955 0.135260076 0.388658699 0.999897271 0.672876074 0.477690648 0.296202445];
%Ct_m_M2=[0.296202445 0.130123617 0.452008355 0.782453857 0.600965654 0.409204534 0.236277095];
%Ct_m_M1_cl=[0.311611821 1.121460124 0.674588227 0.6283601 0.505085094 0.392083005 0.359552101];
%Ct_m_M2_cl=[0.359552101 1.308084786 0.763620176 0.648905934 0.475978495 0.337294114 0.294490292];
%t7=[0 4 8 12 16 20 24];

Cg_m=[0.49 0.49132948 1 0.034682081 0 0]; % wt LD GI
t8=[1.1 5 9.2 13.20340865 17.30115603 21];

Cp5_m=[0.020408163 0.624489796 1 0.628624435 0.057142857 0]; %wt LD PRR5
t9=[5.0641 7.0556 9.0471 11.0386 13.0301 15.0785];

%Cp5=[0.0082 0.01478276 0.0123 0.0451 0.4305 1.004533469 0.774997613 0.3854 0.1148 0.0082 0.0123 0.01478276];
%t10=[1.083 3.080110388 5.074280737 7.182904705 9.006 11.1155846 13.11 15.10596789 17.1 19.152 21.147 23.08528148];

%Cg=[0.139784946 0.279569892 0.752995329 1 0.483870968 0.172043011];
%t11=[1.085 5.27 9.3 13.02 17.205 21.235];

Cp5_m_M=[0.060606061 0.078787879 1 0.878787879 0.272727273 0.115787716 0.145958722 0.090909091 0.067759636]; % wt LD PRR5
t12=[0 3.36 6.24 9.12 12.24 15.12 18.12158933 21.12136359 24.00479952];

%Ct=[0.091 0.0455 0.30085101 1.001 1.0101 0.655452729];
%t13=[1.16 5.075 9.135 13.05 17.11245745 21.025];

Ct_m_K=[0.361904762 0.371428571 0.685714286 1 0.514285714 0.49047619]; % wt LD TOC1
t14=[0.962 4.884 8.954 12.95 16.946 20.942];

Cz=[0.157894737 0.184210526 0.450453757 1 0.738719413 0.526315789]; % wt LD ZTL
t15=[1.068 4.99669811 9.256 13.172 17.088 21.182];

%C9_m=[0.06 1.000449899 0.16 0.09 0.05 0.23 0.1 0.08];
%t16=[-1.644 1.294 7.17 10.334 22.54199969 28.64 34.29273929 48.07799996];
C9_mm=[0.06 1.000449899 0.16 0.09 0.05]; %wt LD PRR9
t16m=[-1.644 1.294 7.17 10.334 22.54199969];

C9_m=[1 0.55 0.15]; % Matsushika 00
t16=[1 3.3 14.4];

Cg_m_L=[0.037974684 0.177666694 0.348101266 0.297468354 0.265822785 1 0.670886076 0.456091601 0.076996994 0.040028831 0.056962025 0.044303797 0.044303797];
t17=[0 0.735391052 1.3 2.08 4.42 7.28 10.14 12 13.82 15.38 17.98 21.1 23.96];

%C9_m_D=[0.05 0.23 0.1 0.08];
%t18=[-1.458 4.64 10.293 24.08];

%C7_m=[0.113402062 0.463917526 1.00021254 0.845612233 0.432989691 0.350515464 0.092783505 0.030927835 0.092783505 0.546780644 0.649811732 0.403249633 0.382000151 0.216494845 0.20721393 0.248280301];
%t19=[-1.656 1.704 4.168 7.304 9.992 13.8 16.49314875 19.4 22.32091878 27.46729394 31.27492798 34.184 37.32 40.23722248 42.92491681 47.84997353];
%C7_mm=[0.113402062 0.463917526 1.00021254 0.845612233 0.432989691 0.350515464 0.092783505 0.030927835 0.092783505]; %wt LD PRR7
%t19m=[-1.656 1.704 4.168 7.304 9.992 13.8 16.49314875 19.4 22.32091878];

C7_m=[0.18 0.32 0.52 0.71 1 0.72 0.39 0.21 0.14 0.18];
t19n=[0 2.18 3.27 4.91 6.54 7.63 11.45 13.63 16.08 24];

%C7_m_D=[0.092783505 0.546780644 0.649811732 0.403249633 0.382000151 0.216494845 0.20721393 0.248280301];
%t20=[-1.679081217 3.46729394 7.27492798 10.184 13.32 16.23722248 18.92491681 23.84997353];


%C7=[0.064 0.312409987 1 0.85614952 0.793009458 0.224];
%t21=[0 4.342 8.183 12.358 16.366 20.207];

Ct_m_N=[0.186440678 0.169491525 0.279661017 1.000574383 0.974576271 0.644569385 0.56779661 0.610404851]; % wt LD TOC1
t22=[0 2.99 6.095 9.085 12.305 15.41 18.515 21.85];

%Ct_m_N1=[0.185339259 0.172413793 0.24137931 1.000264201 0.82790543 0.505747126 0.563218391 0.482758621 0.195402299];
%t23=[0 3.77 6.96 9.57 13.34 16.24 19.14 22.62743468 25.81];

%Cl_m_579=[0.4025 0.598 0.575459816 0.586950807 0.632918044 0.289562601 0.449089356 0.46];
%t24=[0 3.08 6.44 9.52 12.32 15.4 20.44 23.8];

%Cl_m_57=[0.2972859 0.2265625 0.1953125 0.296875 0.3359375 0.188959166 0.2578125 0.3671875];
%t25=[0 2.99 6.095 9.085 12.305 15.41 18.515 21.85];

%Cc_m_79=[1.3205 0.693760225 0.883959558 0.665 0.427922014 0.1805 0.57];
%t26=[0 4 8 12 12 16 20];

%Cl_mLL=[1 0.7115 0.1170 0.125 0.1154 0.3942 0.4712 0.5192 0.3365 0.1058 0.1827 0.1741 0.4712 0.5292 0.3077 0.1741 0.1837 0.5 0.4135 0.4912 0.2421];
%t27=[0 4 8 12 16 20 24 28 32 36 40 44 48 52 56 60 64 68 72 76 80];

%Ct_mLL=[0.24 0.259 0.318 1.23 0.606 0.44 0.20 0.17 0.39 0.587 0.596 0.337 0.23 0.289 0.50 0.933 0.577 0.394  0.251 0.25 0.529];
%t28=[0 4 8 12 16 20 24 28 32 36 40 44 48 52 56 60 64 68 72 76 80];

%Cl_sk2=[0.003316018 0.151467606 0.585378948 0.055234325 0.80849913 0.691075701 0.000164909 3.275441672 1.452356518 1.386231399 0.969255298];
%Cl_sk2=0.2/3.275*Cl_sk2;
%t29=[9.5 10.5 11.5 12.5 13.5 14.5 15.5 16.5 17.5 18.5 19.5];

%t30=[0.96 3.36 5.28 7.68 13.44 13.47424209 15.36 17.28 20.64 24 24.48 25.44 27.36 31.68 36 37.03784011 37.92 40.8 49.44931951];
%Cl_pox=[0.469 0.642 0.901 0.975 0.704 0.556 0.568 0.272 0.111 0.222 0.185 0.654 0.975 0.988 1 0.951 0.605 0.309 0.704];
